DFA Table:
     <  *,   +,   -,   .,   0,   1,   2,   3,   4,   5,   6,   7,   8,   9,   =,   I,   N,   P,   R,   T,   a,   b,   c,   d,   e,   f,   g,   h,   i,   j,   k,   l,   m,   n,   o,   p,   q,   r,   s,   t,   u,   v,   w,   x,   y,   z>
  0: [ 10,  12,  19,   1,  27,  25,  23,  21,  35,  33,  31,  29,  38,  37,  40,   1,   1,   2,   1,   1,   9,   7,   8,   5,   6,   3,   4,  18,  20,  16,  17,  14,  15,  11,  13,  36,  34,  32,  30,  28,  26,  24,  22,  42,  41,  39] -
  1: [  1,   1,   1,   1,   1,   1,   1,   1,   1,   1,   1,   1,   1,   1,   1,   1,   1,   1,   1,   1,   1,   1,   1,   1,   1,   1,   1,   1,   1,   1,   1,   1,   1,   1,   1,   1,   1,   1,   1,   1,   1,   1,   1,   1,   1,   1]
  2: [  1,   1,   1,   1,   1,   1,   1,   1,   1,   1,   1,   1,   1,   1,   1,   1,   1,   1,  43,   1,   1,   1,   1,   1,   1,   1,   1,   1,   1,   1,   1,   1,   1,   1,   1,   1,   1,   1,   1,   1,   1,   1,   1,   1,   1,   1]
  3: [  1,   1,   1,   1,  65,  63,  61,  59,  73,  71,  69,  67,  76,  75,   1,   1,   1,   1,   1,   1,  50,  48,  49,  46,  47,  44,  45,  57,  58,  55,  56,  53,  54,  51,  52,  74,  72,  70,  68,  66,  64,  62,  60,  79,  78,  77] * IDENTIFIER
  4: [  1,   1,   1,   1,  65,  63,  61,  59,  73,  71,  69,  67,  76,  75,   1,   1,   1,   1,   1,   1,  50,  48,  49,  46,  47,  44,  45,  57,  58,  55,  56,  53,  54,  51,  52,  74,  72,  70,  68,  66,  64,  62,  60,  79,  78,  77] * IDENTIFIER
  5: [  1,   1,   1,   1,  65,  63,  61,  59,  73,  71,  69,  67,  76,  75,   1,   1,   1,   1,   1,   1,  50,  48,  49,  46,  47,  44,  45,  57,  58,  55,  56,  53,  54,  51,  52,  74,  72,  70,  68,  66,  64,  62,  60,  79,  78,  77] * IDENTIFIER
  6: [  1,   1,   1,   1,  65,  63,  61,  59,  73,  71,  69,  67,  76,  75,   1,   1,   1,   1,   1,   1,  50,  48,  49,  46,  47,  44,  45,  57,  58,  55,  56,  53,  54,  51,  52,  74,  72,  70,  68,  66,  64,  62,  60,  79,  78,  77] * IDENTIFIER
  7: [  1,   1,   1,   1,  65,  63,  61,  59,  73,  71,  69,  67,  76,  75,   1,   1,   1,   1,   1,   1,  50,  48,  49,  46,  47,  44,  45,  57,  58,  55,  56,  53,  54,  51,  52,  74,  72,  70,  68,  66,  64,  62,  60,  79,  78,  77] * IDENTIFIER
  8: [  1,   1,   1,   1,  65,  63,  61,  59,  73,  71,  69,  67,  76,  75,   1,   1,   1,   1,   1,   1,  50,  48,  49,  46,  47,  44,  45,  57,  58,  55,  56,  53,  54,  51,  52,  74,  72,  70,  68,  66,  64,  62,  60,  79,  78,  77] * IDENTIFIER
  9: [  1,   1,   1,   1,  65,  63,  61,  59,  73,  71,  69,  67,  76,  75,   1,   1,   1,   1,   1,   1,  50,  48,  49,  46,  47,  44,  45,  57,  58,  55,  56,  53,  54,  51,  52,  74,  72,  70,  68,  66,  64,  62,  60,  79,  78,  77] * IDENTIFIER
 10: [  1,   1,   1,   1,   1,   1,   1,   1,   1,   1,   1,   1,   1,   1,   1,   1,   1,   1,   1,   1,   1,   1,   1,   1,   1,   1,   1,   1,   1,   1,   1,   1,   1,   1,   1,   1,   1,   1,   1,   1,   1,   1,   1,   1,   1,   1] * MULTIPLY
 11: [  1,   1,   1,   1,  65,  63,  61,  59,  73,  71,  69,  67,  76,  75,   1,   1,   1,   1,   1,   1,  50,  48,  49,  46,  47,  44,  45,  57,  58,  55,  56,  53,  54,  51,  52,  74,  72,  70,  68,  66,  64,  62,  60,  79,  78,  77] * IDENTIFIER
 12: [  1,   1,   1,   1,   1,   1,   1,   1,   1,   1,   1,   1,   1,   1,   1,   1,   1,   1,   1,   1,   1,   1,   1,   1,   1,   1,   1,   1,   1,   1,   1,   1,   1,   1,   1,   1,   1,   1,   1,   1,   1,   1,   1,   1,   1,   1] * PLUS
 13: [  1,   1,   1,   1,  65,  63,  61,  59,  73,  71,  69,  67,  76,  75,   1,   1,   1,   1,   1,   1,  50,  48,  49,  46,  47,  44,  45,  57,  58,  55,  56,  53,  54,  51,  52,  74,  72,  70,  68,  66,  64,  62,  60,  79,  78,  77] * IDENTIFIER
 14: [  1,   1,   1,   1,  65,  63,  61,  59,  73,  71,  69,  67,  76,  75,   1,   1,   1,   1,   1,   1,  50,  48,  49,  46,  47,  44,  45,  57,  58,  55,  56,  53,  54,  51,  52,  74,  72,  70,  68,  66,  64,  62,  60,  79,  78,  77] * IDENTIFIER
 15: [  1,   1,   1,   1,  65,  63,  61,  59,  73,  71,  69,  67,  76,  75,   1,   1,   1,   1,   1,   1,  50,  48,  49,  46,  47,  44,  45,  57,  58,  55,  56,  53,  54,  51,  52,  74,  72,  70,  68,  66,  64,  62,  60,  79,  78,  77] * IDENTIFIER
 16: [  1,   1,   1,   1,  65,  63,  61,  59,  73,  71,  69,  67,  76,  75,   1,   1,   1,   1,   1,   1,  50,  48,  49,  46,  47,  44,  45,  57,  58,  55,  56,  53,  54,  51,  52,  74,  72,  70,  68,  66,  64,  62,  60,  79,  78,  77] * IDENTIFIER
 17: [  1,   1,   1,   1,  65,  63,  61,  59,  73,  71,  69,  67,  76,  75,   1,   1,   1,   1,   1,   1,  50,  48,  49,  46,  47,  44,  45,  57,  58,  55,  56,  53,  54,  51,  52,  74,  72,  70,  68,  66,  64,  62,  60,  79,  78,  77] * IDENTIFIER
 18: [  1,   1,   1,   1,  65,  63,  61,  59,  73,  71,  69,  67,  76,  75,   1,   1,   1,   1,   1,   1,  50,  48,  49,  46,  47,  44,  45,  57,  58,  55,  56,  53,  54,  51,  52,  74,  72,  70,  68,  66,  64,  62,  60,  79,  78,  77] * IDENTIFIER
 19: [  1,   1,   1,   1,   1,   1,   1,   1,   1,   1,   1,   1,   1,   1,   1,   1,   1,   1,   1,   1,   1,   1,   1,   1,   1,   1,   1,   1,   1,   1,   1,   1,   1,   1,   1,   1,   1,   1,   1,   1,   1,   1,   1,   1,   1,   1] * MINUS
 20: [  1,   1,   1,   1,  65,  63,  61,  59,  73,  71,  69,  67,  76,  75,   1,   1,   1,   1,   1,   1,  50,  48,  49,  46,  47,  44,  45,  57,  58,  55,  56,  53,  54,  51,  52,  74,  72,  70,  68,  66,  64,  62,  60,  79,  78,  77] * IDENTIFIER
 21: [  1,   1,   1,  80,  84,  83,  82,  81,  88,  87,  86,  85,  90,  89,   1,   1,   1,   1,   1,   1,   1,   1,   1,   1,   1,   1,   1,   1,   1,   1,   1,   1,   1,   1,   1,   1,   1,   1,   1,   1,   1,   1,   1,   1,   1,   1] * INT
 22: [  1,   1,   1,   1,  65,  63,  61,  59,  73,  71,  69,  67,  76,  75,   1,   1,   1,   1,   1,   1,  50,  48,  49,  46,  47,  44,  45,  57,  58,  55,  56,  53,  54,  51,  52,  74,  72,  70,  68,  66,  64,  62,  60,  79,  78,  77] * IDENTIFIER
 23: [  1,   1,   1,  80,  84,  83,  82,  81,  88,  87,  86,  85,  90,  89,   1,   1,   1,   1,   1,   1,   1,   1,   1,   1,   1,   1,   1,   1,   1,   1,   1,   1,   1,   1,   1,   1,   1,   1,   1,   1,   1,   1,   1,   1,   1,   1] * INT
 24: [  1,   1,   1,   1,  65,  63,  61,  59,  73,  71,  69,  67,  76,  75,   1,   1,   1,   1,   1,   1,  50,  48,  49,  46,  47,  44,  45,  57,  58,  55,  56,  53,  54,  51,  52,  74,  72,  70,  68,  66,  64,  62,  60,  79,  78,  77] * IDENTIFIER
 25: [  1,   1,   1,  80,  84,  83,  82,  81,  88,  87,  86,  85,  90,  89,   1,   1,   1,   1,   1,   1,   1,   1,   1,   1,   1,   1,   1,   1,   1,   1,   1,   1,   1,   1,   1,   1,   1,   1,   1,   1,   1,   1,   1,   1,   1,   1] * INT
 26: [  1,   1,   1,   1,  65,  63,  61,  59,  73,  71,  69,  67,  76,  75,   1,   1,   1,   1,   1,   1,  50,  48,  49,  46,  47,  44,  45,  57,  58,  55,  56,  53,  54,  51,  52,  74,  72,  70,  68,  66,  64,  62,  60,  79,  78,  77] * IDENTIFIER
 27: [  1,   1,   1,  80,  84,  83,  82,  81,  88,  87,  86,  85,  90,  89,   1,   1,   1,   1,   1,   1,   1,   1,   1,   1,   1,   1,   1,   1,   1,   1,   1,   1,   1,   1,   1,   1,   1,   1,   1,   1,   1,   1,   1,   1,   1,   1] * INT
 28: [  1,   1,   1,   1,  65,  63,  61,  59,  73,  71,  69,  67,  76,  75,   1,   1,   1,   1,   1,   1,  50,  48,  49,  46,  47,  44,  45,  57,  58,  55,  56,  53,  54,  51,  52,  74,  72,  70,  68,  66,  64,  62,  60,  79,  78,  77] * IDENTIFIER
 29: [  1,   1,   1,  80,  84,  83,  82,  81,  88,  87,  86,  85,  90,  89,   1,   1,   1,   1,   1,   1,   1,   1,   1,   1,   1,   1,   1,   1,   1,   1,   1,   1,   1,   1,   1,   1,   1,   1,   1,   1,   1,   1,   1,   1,   1,   1] * INT
 30: [  1,   1,   1,   1,  65,  63,  61,  59,  73,  71,  69,  67,  76,  75,   1,   1,   1,   1,   1,   1,  50,  48,  49,  46,  47,  44,  45,  57,  58,  55,  56,  53,  54,  51,  52,  74,  72,  70,  68,  66,  64,  62,  60,  79,  78,  77] * IDENTIFIER
 31: [  1,   1,   1,  80,  84,  83,  82,  81,  88,  87,  86,  85,  90,  89,   1,   1,   1,   1,   1,   1,   1,   1,   1,   1,   1,   1,   1,   1,   1,   1,   1,   1,   1,   1,   1,   1,   1,   1,   1,   1,   1,   1,   1,   1,   1,   1] * INT
 32: [  1,   1,   1,   1,  65,  63,  61,  59,  73,  71,  69,  67,  76,  75,   1,   1,   1,   1,   1,   1,  50,  48,  49,  46,  47,  44,  45,  57,  58,  55,  56,  53,  54,  51,  52,  74,  72,  70,  68,  66,  64,  62,  60,  79,  78,  77] * IDENTIFIER
 33: [  1,   1,   1,  80,  84,  83,  82,  81,  88,  87,  86,  85,  90,  89,   1,   1,   1,   1,   1,   1,   1,   1,   1,   1,   1,   1,   1,   1,   1,   1,   1,   1,   1,   1,   1,   1,   1,   1,   1,   1,   1,   1,   1,   1,   1,   1] * INT
 34: [  1,   1,   1,   1,  65,  63,  61,  59,  73,  71,  69,  67,  76,  75,   1,   1,   1,   1,   1,   1,  50,  48,  49,  46,  47,  44,  45,  57,  58,  55,  56,  53,  54,  51,  52,  74,  72,  70,  68,  66,  64,  62,  60,  79,  78,  77] * IDENTIFIER
 35: [  1,   1,   1,  80,  84,  83,  82,  81,  88,  87,  86,  85,  90,  89,   1,   1,   1,   1,   1,   1,   1,   1,   1,   1,   1,   1,   1,   1,   1,   1,   1,   1,   1,   1,   1,   1,   1,   1,   1,   1,   1,   1,   1,   1,   1,   1] * INT
 36: [  1,   1,   1,   1,  65,  63,  61,  59,  73,  71,  69,  67,  76,  75,   1,   1,   1,   1,   1,   1,  50,  48,  49,  46,  47,  44,  45,  57,  58,  55,  56,  53,  54,  51,  52,  74,  72,  70,  68,  66,  64,  62,  60,  79,  78,  77] * IDENTIFIER
 37: [  1,   1,   1,  80,  84,  83,  82,  81,  88,  87,  86,  85,  90,  89,   1,   1,   1,   1,   1,   1,   1,   1,   1,   1,   1,   1,   1,   1,   1,   1,   1,   1,   1,   1,   1,   1,   1,   1,   1,   1,   1,   1,   1,   1,   1,   1] * INT
 38: [  1,   1,   1,  80,  84,  83,  82,  81,  88,  87,  86,  85,  90,  89,   1,   1,   1,   1,   1,   1,   1,   1,   1,   1,   1,   1,   1,   1,   1,   1,   1,   1,   1,   1,   1,   1,   1,   1,   1,   1,   1,   1,   1,   1,   1,   1] * INT
 39: [  1,   1,   1,   1,  65,  63,  61,  59,  73,  71,  69,  67,  76,  75,   1,   1,   1,   1,   1,   1,  50,  48,  49,  46,  47,  44,  45,  57,  58,  55,  56,  53,  54,  51,  52,  74,  72,  70,  68,  66,  64,  62,  60,  79,  78,  77] * IDENTIFIER
 40: [  1,   1,   1,   1,   1,   1,   1,   1,   1,   1,   1,   1,   1,   1,   1,   1,   1,   1,   1,   1,   1,   1,   1,   1,   1,   1,   1,   1,   1,   1,   1,   1,   1,   1,   1,   1,   1,   1,   1,   1,   1,   1,   1,   1,   1,   1] * ASSIGN
 41: [  1,   1,   1,   1,  65,  63,  61,  59,  73,  71,  69,  67,  76,  75,   1,   1,   1,   1,   1,   1,  50,  48,  49,  46,  47,  44,  45,  57,  58,  55,  56,  53,  54,  51,  52,  74,  72,  70,  68,  66,  64,  62,  60,  79,  78,  77] * IDENTIFIER
 42: [  1,   1,   1,   1,  65,  63,  61,  59,  73,  71,  69,  67,  76,  75,   1,   1,   1,   1,   1,   1,  50,  48,  49,  46,  47,  44,  45,  57,  58,  55,  56,  53,  54,  51,  52,  74,  72,  70,  68,  66,  64,  62,  60,  79,  78,  77] * IDENTIFIER
 43: [  1,   1,   1,   1,   1,   1,   1,   1,   1,   1,   1,   1,   1,   1,   1,  91,   1,   1,   1,   1,   1,   1,   1,   1,   1,   1,   1,   1,   1,   1,   1,   1,   1,   1,   1,   1,   1,   1,   1,   1,   1,   1,   1,   1,   1,   1]
 44: [  1,   1,   1,   1,  65,  63,  61,  59,  73,  71,  69,  67,  76,  75,   1,   1,   1,   1,   1,   1,  50,  48,  49,  46,  47,  44,  45,  57,  58,  55,  56,  53,  54,  51,  52,  74,  72,  70,  68,  66,  64,  62,  60,  79,  78,  77] * IDENTIFIER
 45: [  1,   1,   1,   1,  65,  63,  61,  59,  73,  71,  69,  67,  76,  75,   1,   1,   1,   1,   1,   1,  50,  48,  49,  46,  47,  44,  45,  57,  58,  55,  56,  53,  54,  51,  52,  74,  72,  70,  68,  66,  64,  62,  60,  79,  78,  77] * IDENTIFIER
 46: [  1,   1,   1,   1,  65,  63,  61,  59,  73,  71,  69,  67,  76,  75,   1,   1,   1,   1,   1,   1,  50,  48,  49,  46,  47,  44,  45,  57,  58,  55,  56,  53,  54,  51,  52,  74,  72,  70,  68,  66,  64,  62,  60,  79,  78,  77] * IDENTIFIER
 47: [  1,   1,   1,   1,  65,  63,  61,  59,  73,  71,  69,  67,  76,  75,   1,   1,   1,   1,   1,   1,  50,  48,  49,  46,  47,  44,  45,  57,  58,  55,  56,  53,  54,  51,  52,  74,  72,  70,  68,  66,  64,  62,  60,  79,  78,  77] * IDENTIFIER
 48: [  1,   1,   1,   1,  65,  63,  61,  59,  73,  71,  69,  67,  76,  75,   1,   1,   1,   1,   1,   1,  50,  48,  49,  46,  47,  44,  45,  57,  58,  55,  56,  53,  54,  51,  52,  74,  72,  70,  68,  66,  64,  62,  60,  79,  78,  77] * IDENTIFIER
 49: [  1,   1,   1,   1,  65,  63,  61,  59,  73,  71,  69,  67,  76,  75,   1,   1,   1,   1,   1,   1,  50,  48,  49,  46,  47,  44,  45,  57,  58,  55,  56,  53,  54,  51,  52,  74,  72,  70,  68,  66,  64,  62,  60,  79,  78,  77] * IDENTIFIER
 50: [  1,   1,   1,   1,  65,  63,  61,  59,  73,  71,  69,  67,  76,  75,   1,   1,   1,   1,   1,   1,  50,  48,  49,  46,  47,  44,  45,  57,  58,  55,  56,  53,  54,  51,  52,  74,  72,  70,  68,  66,  64,  62,  60,  79,  78,  77] * IDENTIFIER
 51: [  1,   1,   1,   1,  65,  63,  61,  59,  73,  71,  69,  67,  76,  75,   1,   1,   1,   1,   1,   1,  50,  48,  49,  46,  47,  44,  45,  57,  58,  55,  56,  53,  54,  51,  52,  74,  72,  70,  68,  66,  64,  62,  60,  79,  78,  77] * IDENTIFIER
 52: [  1,   1,   1,   1,  65,  63,  61,  59,  73,  71,  69,  67,  76,  75,   1,   1,   1,   1,   1,   1,  50,  48,  49,  46,  47,  44,  45,  57,  58,  55,  56,  53,  54,  51,  52,  74,  72,  70,  68,  66,  64,  62,  60,  79,  78,  77] * IDENTIFIER
 53: [  1,   1,   1,   1,  65,  63,  61,  59,  73,  71,  69,  67,  76,  75,   1,   1,   1,   1,   1,   1,  50,  48,  49,  46,  47,  44,  45,  57,  58,  55,  56,  53,  54,  51,  52,  74,  72,  70,  68,  66,  64,  62,  60,  79,  78,  77] * IDENTIFIER
 54: [  1,   1,   1,   1,  65,  63,  61,  59,  73,  71,  69,  67,  76,  75,   1,   1,   1,   1,   1,   1,  50,  48,  49,  46,  47,  44,  45,  57,  58,  55,  56,  53,  54,  51,  52,  74,  72,  70,  68,  66,  64,  62,  60,  79,  78,  77] * IDENTIFIER
 55: [  1,   1,   1,   1,  65,  63,  61,  59,  73,  71,  69,  67,  76,  75,   1,   1,   1,   1,   1,   1,  50,  48,  49,  46,  47,  44,  45,  57,  58,  55,  56,  53,  54,  51,  52,  74,  72,  70,  68,  66,  64,  62,  60,  79,  78,  77] * IDENTIFIER
 56: [  1,   1,   1,   1,  65,  63,  61,  59,  73,  71,  69,  67,  76,  75,   1,   1,   1,   1,   1,   1,  50,  48,  49,  46,  47,  44,  45,  57,  58,  55,  56,  53,  54,  51,  52,  74,  72,  70,  68,  66,  64,  62,  60,  79,  78,  77] * IDENTIFIER
 57: [  1,   1,   1,   1,  65,  63,  61,  59,  73,  71,  69,  67,  76,  75,   1,   1,   1,   1,   1,   1,  50,  48,  49,  46,  47,  44,  45,  57,  58,  55,  56,  53,  54,  51,  52,  74,  72,  70,  68,  66,  64,  62,  60,  79,  78,  77] * IDENTIFIER
 58: [  1,   1,   1,   1,  65,  63,  61,  59,  73,  71,  69,  67,  76,  75,   1,   1,   1,   1,   1,   1,  50,  48,  49,  46,  47,  44,  45,  57,  58,  55,  56,  53,  54,  51,  52,  74,  72,  70,  68,  66,  64,  62,  60,  79,  78,  77] * IDENTIFIER
 59: [  1,   1,   1,   1,  65,  63,  61,  59,  73,  71,  69,  67,  76,  75,   1,   1,   1,   1,   1,   1,  50,  48,  49,  46,  47,  44,  45,  57,  58,  55,  56,  53,  54,  51,  52,  74,  72,  70,  68,  66,  64,  62,  60,  79,  78,  77] * IDENTIFIER
 60: [  1,   1,   1,   1,  65,  63,  61,  59,  73,  71,  69,  67,  76,  75,   1,   1,   1,   1,   1,   1,  50,  48,  49,  46,  47,  44,  45,  57,  58,  55,  56,  53,  54,  51,  52,  74,  72,  70,  68,  66,  64,  62,  60,  79,  78,  77] * IDENTIFIER
 61: [  1,   1,   1,   1,  65,  63,  61,  59,  73,  71,  69,  67,  76,  75,   1,   1,   1,   1,   1,   1,  50,  48,  49,  46,  47,  44,  45,  57,  58,  55,  56,  53,  54,  51,  52,  74,  72,  70,  68,  66,  64,  62,  60,  79,  78,  77] * IDENTIFIER
 62: [  1,   1,   1,   1,  65,  63,  61,  59,  73,  71,  69,  67,  76,  75,   1,   1,   1,   1,   1,   1,  50,  48,  49,  46,  47,  44,  45,  57,  58,  55,  56,  53,  54,  51,  52,  74,  72,  70,  68,  66,  64,  62,  60,  79,  78,  77] * IDENTIFIER
 63: [  1,   1,   1,   1,  65,  63,  61,  59,  73,  71,  69,  67,  76,  75,   1,   1,   1,   1,   1,   1,  50,  48,  49,  46,  47,  44,  45,  57,  58,  55,  56,  53,  54,  51,  52,  74,  72,  70,  68,  66,  64,  62,  60,  79,  78,  77] * IDENTIFIER
 64: [  1,   1,   1,   1,  65,  63,  61,  59,  73,  71,  69,  67,  76,  75,   1,   1,   1,   1,   1,   1,  50,  48,  49,  46,  47,  44,  45,  57,  58,  55,  56,  53,  54,  51,  52,  74,  72,  70,  68,  66,  64,  62,  60,  79,  78,  77] * IDENTIFIER
 65: [  1,   1,   1,   1,  65,  63,  61,  59,  73,  71,  69,  67,  76,  75,   1,   1,   1,   1,   1,   1,  50,  48,  49,  46,  47,  44,  45,  57,  58,  55,  56,  53,  54,  51,  52,  74,  72,  70,  68,  66,  64,  62,  60,  79,  78,  77] * IDENTIFIER
 66: [  1,   1,   1,   1,  65,  63,  61,  59,  73,  71,  69,  67,  76,  75,   1,   1,   1,   1,   1,   1,  50,  48,  49,  46,  47,  44,  45,  57,  58,  55,  56,  53,  54,  51,  52,  74,  72,  70,  68,  66,  64,  62,  60,  79,  78,  77] * IDENTIFIER
 67: [  1,   1,   1,   1,  65,  63,  61,  59,  73,  71,  69,  67,  76,  75,   1,   1,   1,   1,   1,   1,  50,  48,  49,  46,  47,  44,  45,  57,  58,  55,  56,  53,  54,  51,  52,  74,  72,  70,  68,  66,  64,  62,  60,  79,  78,  77] * IDENTIFIER
 68: [  1,   1,   1,   1,  65,  63,  61,  59,  73,  71,  69,  67,  76,  75,   1,   1,   1,   1,   1,   1,  50,  48,  49,  46,  47,  44,  45,  57,  58,  55,  56,  53,  54,  51,  52,  74,  72,  70,  68,  66,  64,  62,  60,  79,  78,  77] * IDENTIFIER
 69: [  1,   1,   1,   1,  65,  63,  61,  59,  73,  71,  69,  67,  76,  75,   1,   1,   1,   1,   1,   1,  50,  48,  49,  46,  47,  44,  45,  57,  58,  55,  56,  53,  54,  51,  52,  74,  72,  70,  68,  66,  64,  62,  60,  79,  78,  77] * IDENTIFIER
 70: [  1,   1,   1,   1,  65,  63,  61,  59,  73,  71,  69,  67,  76,  75,   1,   1,   1,   1,   1,   1,  50,  48,  49,  46,  47,  44,  45,  57,  58,  55,  56,  53,  54,  51,  52,  74,  72,  70,  68,  66,  64,  62,  60,  79,  78,  77] * IDENTIFIER
 71: [  1,   1,   1,   1,  65,  63,  61,  59,  73,  71,  69,  67,  76,  75,   1,   1,   1,   1,   1,   1,  50,  48,  49,  46,  47,  44,  45,  57,  58,  55,  56,  53,  54,  51,  52,  74,  72,  70,  68,  66,  64,  62,  60,  79,  78,  77] * IDENTIFIER
 72: [  1,   1,   1,   1,  65,  63,  61,  59,  73,  71,  69,  67,  76,  75,   1,   1,   1,   1,   1,   1,  50,  48,  49,  46,  47,  44,  45,  57,  58,  55,  56,  53,  54,  51,  52,  74,  72,  70,  68,  66,  64,  62,  60,  79,  78,  77] * IDENTIFIER
 73: [  1,   1,   1,   1,  65,  63,  61,  59,  73,  71,  69,  67,  76,  75,   1,   1,   1,   1,   1,   1,  50,  48,  49,  46,  47,  44,  45,  57,  58,  55,  56,  53,  54,  51,  52,  74,  72,  70,  68,  66,  64,  62,  60,  79,  78,  77] * IDENTIFIER
 74: [  1,   1,   1,   1,  65,  63,  61,  59,  73,  71,  69,  67,  76,  75,   1,   1,   1,   1,   1,   1,  50,  48,  49,  46,  47,  44,  45,  57,  58,  55,  56,  53,  54,  51,  52,  74,  72,  70,  68,  66,  64,  62,  60,  79,  78,  77] * IDENTIFIER
 75: [  1,   1,   1,   1,  65,  63,  61,  59,  73,  71,  69,  67,  76,  75,   1,   1,   1,   1,   1,   1,  50,  48,  49,  46,  47,  44,  45,  57,  58,  55,  56,  53,  54,  51,  52,  74,  72,  70,  68,  66,  64,  62,  60,  79,  78,  77] * IDENTIFIER
 76: [  1,   1,   1,   1,  65,  63,  61,  59,  73,  71,  69,  67,  76,  75,   1,   1,   1,   1,   1,   1,  50,  48,  49,  46,  47,  44,  45,  57,  58,  55,  56,  53,  54,  51,  52,  74,  72,  70,  68,  66,  64,  62,  60,  79,  78,  77] * IDENTIFIER
 77: [  1,   1,   1,   1,  65,  63,  61,  59,  73,  71,  69,  67,  76,  75,   1,   1,   1,   1,   1,   1,  50,  48,  49,  46,  47,  44,  45,  57,  58,  55,  56,  53,  54,  51,  52,  74,  72,  70,  68,  66,  64,  62,  60,  79,  78,  77] * IDENTIFIER
 78: [  1,   1,   1,   1,  65,  63,  61,  59,  73,  71,  69,  67,  76,  75,   1,   1,   1,   1,   1,   1,  50,  48,  49,  46,  47,  44,  45,  57,  58,  55,  56,  53,  54,  51,  52,  74,  72,  70,  68,  66,  64,  62,  60,  79,  78,  77] * IDENTIFIER
 79: [  1,   1,   1,   1,  65,  63,  61,  59,  73,  71,  69,  67,  76,  75,   1,   1,   1,   1,   1,   1,  50,  48,  49,  46,  47,  44,  45,  57,  58,  55,  56,  53,  54,  51,  52,  74,  72,  70,  68,  66,  64,  62,  60,  79,  78,  77] * IDENTIFIER
 80: [  1,   1,   1,   1,  95,  94,  93,  92,  99,  98,  97,  96, 101, 100,   1,   1,   1,   1,   1,   1,   1,   1,   1,   1,   1,   1,   1,   1,   1,   1,   1,   1,   1,   1,   1,   1,   1,   1,   1,   1,   1,   1,   1,   1,   1,   1]
 81: [  1,   1,   1,  80,  84,  83,  82,  81,  88,  87,  86,  85,  90,  89,   1,   1,   1,   1,   1,   1,   1,   1,   1,   1,   1,   1,   1,   1,   1,   1,   1,   1,   1,   1,   1,   1,   1,   1,   1,   1,   1,   1,   1,   1,   1,   1] * INT
 82: [  1,   1,   1,  80,  84,  83,  82,  81,  88,  87,  86,  85,  90,  89,   1,   1,   1,   1,   1,   1,   1,   1,   1,   1,   1,   1,   1,   1,   1,   1,   1,   1,   1,   1,   1,   1,   1,   1,   1,   1,   1,   1,   1,   1,   1,   1] * INT
 83: [  1,   1,   1,  80,  84,  83,  82,  81,  88,  87,  86,  85,  90,  89,   1,   1,   1,   1,   1,   1,   1,   1,   1,   1,   1,   1,   1,   1,   1,   1,   1,   1,   1,   1,   1,   1,   1,   1,   1,   1,   1,   1,   1,   1,   1,   1] * INT
 84: [  1,   1,   1,  80,  84,  83,  82,  81,  88,  87,  86,  85,  90,  89,   1,   1,   1,   1,   1,   1,   1,   1,   1,   1,   1,   1,   1,   1,   1,   1,   1,   1,   1,   1,   1,   1,   1,   1,   1,   1,   1,   1,   1,   1,   1,   1] * INT
 85: [  1,   1,   1,  80,  84,  83,  82,  81,  88,  87,  86,  85,  90,  89,   1,   1,   1,   1,   1,   1,   1,   1,   1,   1,   1,   1,   1,   1,   1,   1,   1,   1,   1,   1,   1,   1,   1,   1,   1,   1,   1,   1,   1,   1,   1,   1] * INT
 86: [  1,   1,   1,  80,  84,  83,  82,  81,  88,  87,  86,  85,  90,  89,   1,   1,   1,   1,   1,   1,   1,   1,   1,   1,   1,   1,   1,   1,   1,   1,   1,   1,   1,   1,   1,   1,   1,   1,   1,   1,   1,   1,   1,   1,   1,   1] * INT
 87: [  1,   1,   1,  80,  84,  83,  82,  81,  88,  87,  86,  85,  90,  89,   1,   1,   1,   1,   1,   1,   1,   1,   1,   1,   1,   1,   1,   1,   1,   1,   1,   1,   1,   1,   1,   1,   1,   1,   1,   1,   1,   1,   1,   1,   1,   1] * INT
 88: [  1,   1,   1,  80,  84,  83,  82,  81,  88,  87,  86,  85,  90,  89,   1,   1,   1,   1,   1,   1,   1,   1,   1,   1,   1,   1,   1,   1,   1,   1,   1,   1,   1,   1,   1,   1,   1,   1,   1,   1,   1,   1,   1,   1,   1,   1] * INT
 89: [  1,   1,   1,  80,  84,  83,  82,  81,  88,  87,  86,  85,  90,  89,   1,   1,   1,   1,   1,   1,   1,   1,   1,   1,   1,   1,   1,   1,   1,   1,   1,   1,   1,   1,   1,   1,   1,   1,   1,   1,   1,   1,   1,   1,   1,   1] * INT
 90: [  1,   1,   1,  80,  84,  83,  82,  81,  88,  87,  86,  85,  90,  89,   1,   1,   1,   1,   1,   1,   1,   1,   1,   1,   1,   1,   1,   1,   1,   1,   1,   1,   1,   1,   1,   1,   1,   1,   1,   1,   1,   1,   1,   1,   1,   1] * INT
 91: [  1,   1,   1,   1,   1,   1,   1,   1,   1,   1,   1,   1,   1,   1,   1,   1, 102,   1,   1,   1,   1,   1,   1,   1,   1,   1,   1,   1,   1,   1,   1,   1,   1,   1,   1,   1,   1,   1,   1,   1,   1,   1,   1,   1,   1,   1]
 92: [  1,   1,   1,   1, 106, 105, 104, 103, 110, 109, 108, 107, 112, 111,   1,   1,   1,   1,   1,   1,   1,   1,   1,   1,   1,   1,   1,   1,   1,   1,   1,   1,   1,   1,   1,   1,   1,   1,   1,   1,   1,   1,   1,   1,   1,   1] * FLOAT
 93: [  1,   1,   1,   1, 106, 105, 104, 103, 110, 109, 108, 107, 112, 111,   1,   1,   1,   1,   1,   1,   1,   1,   1,   1,   1,   1,   1,   1,   1,   1,   1,   1,   1,   1,   1,   1,   1,   1,   1,   1,   1,   1,   1,   1,   1,   1] * FLOAT
 94: [  1,   1,   1,   1, 106, 105, 104, 103, 110, 109, 108, 107, 112, 111,   1,   1,   1,   1,   1,   1,   1,   1,   1,   1,   1,   1,   1,   1,   1,   1,   1,   1,   1,   1,   1,   1,   1,   1,   1,   1,   1,   1,   1,   1,   1,   1] * FLOAT
 95: [  1,   1,   1,   1, 106, 105, 104, 103, 110, 109, 108, 107, 112, 111,   1,   1,   1,   1,   1,   1,   1,   1,   1,   1,   1,   1,   1,   1,   1,   1,   1,   1,   1,   1,   1,   1,   1,   1,   1,   1,   1,   1,   1,   1,   1,   1] * FLOAT
 96: [  1,   1,   1,   1, 106, 105, 104, 103, 110, 109, 108, 107, 112, 111,   1,   1,   1,   1,   1,   1,   1,   1,   1,   1,   1,   1,   1,   1,   1,   1,   1,   1,   1,   1,   1,   1,   1,   1,   1,   1,   1,   1,   1,   1,   1,   1] * FLOAT
 97: [  1,   1,   1,   1, 106, 105, 104, 103, 110, 109, 108, 107, 112, 111,   1,   1,   1,   1,   1,   1,   1,   1,   1,   1,   1,   1,   1,   1,   1,   1,   1,   1,   1,   1,   1,   1,   1,   1,   1,   1,   1,   1,   1,   1,   1,   1] * FLOAT
 98: [  1,   1,   1,   1, 106, 105, 104, 103, 110, 109, 108, 107, 112, 111,   1,   1,   1,   1,   1,   1,   1,   1,   1,   1,   1,   1,   1,   1,   1,   1,   1,   1,   1,   1,   1,   1,   1,   1,   1,   1,   1,   1,   1,   1,   1,   1] * FLOAT
 99: [  1,   1,   1,   1, 106, 105, 104, 103, 110, 109, 108, 107, 112, 111,   1,   1,   1,   1,   1,   1,   1,   1,   1,   1,   1,   1,   1,   1,   1,   1,   1,   1,   1,   1,   1,   1,   1,   1,   1,   1,   1,   1,   1,   1,   1,   1] * FLOAT
100: [  1,   1,   1,   1, 106, 105, 104, 103, 110, 109, 108, 107, 112, 111,   1,   1,   1,   1,   1,   1,   1,   1,   1,   1,   1,   1,   1,   1,   1,   1,   1,   1,   1,   1,   1,   1,   1,   1,   1,   1,   1,   1,   1,   1,   1,   1] * FLOAT
101: [  1,   1,   1,   1, 106, 105, 104, 103, 110, 109, 108, 107, 112, 111,   1,   1,   1,   1,   1,   1,   1,   1,   1,   1,   1,   1,   1,   1,   1,   1,   1,   1,   1,   1,   1,   1,   1,   1,   1,   1,   1,   1,   1,   1,   1,   1] * FLOAT
102: [  1,   1,   1,   1,   1,   1,   1,   1,   1,   1,   1,   1,   1,   1,   1,   1,   1,   1,   1, 113,   1,   1,   1,   1,   1,   1,   1,   1,   1,   1,   1,   1,   1,   1,   1,   1,   1,   1,   1,   1,   1,   1,   1,   1,   1,   1]
103: [  1,   1,   1,   1, 106, 105, 104, 103, 110, 109, 108, 107, 112, 111,   1,   1,   1,   1,   1,   1,   1,   1,   1,   1,   1,   1,   1,   1,   1,   1,   1,   1,   1,   1,   1,   1,   1,   1,   1,   1,   1,   1,   1,   1,   1,   1] * FLOAT
104: [  1,   1,   1,   1, 106, 105, 104, 103, 110, 109, 108, 107, 112, 111,   1,   1,   1,   1,   1,   1,   1,   1,   1,   1,   1,   1,   1,   1,   1,   1,   1,   1,   1,   1,   1,   1,   1,   1,   1,   1,   1,   1,   1,   1,   1,   1] * FLOAT
105: [  1,   1,   1,   1, 106, 105, 104, 103, 110, 109, 108, 107, 112, 111,   1,   1,   1,   1,   1,   1,   1,   1,   1,   1,   1,   1,   1,   1,   1,   1,   1,   1,   1,   1,   1,   1,   1,   1,   1,   1,   1,   1,   1,   1,   1,   1] * FLOAT
106: [  1,   1,   1,   1, 106, 105, 104, 103, 110, 109, 108, 107, 112, 111,   1,   1,   1,   1,   1,   1,   1,   1,   1,   1,   1,   1,   1,   1,   1,   1,   1,   1,   1,   1,   1,   1,   1,   1,   1,   1,   1,   1,   1,   1,   1,   1] * FLOAT
107: [  1,   1,   1,   1, 106, 105, 104, 103, 110, 109, 108, 107, 112, 111,   1,   1,   1,   1,   1,   1,   1,   1,   1,   1,   1,   1,   1,   1,   1,   1,   1,   1,   1,   1,   1,   1,   1,   1,   1,   1,   1,   1,   1,   1,   1,   1] * FLOAT
108: [  1,   1,   1,   1, 106, 105, 104, 103, 110, 109, 108, 107, 112, 111,   1,   1,   1,   1,   1,   1,   1,   1,   1,   1,   1,   1,   1,   1,   1,   1,   1,   1,   1,   1,   1,   1,   1,   1,   1,   1,   1,   1,   1,   1,   1,   1] * FLOAT
109: [  1,   1,   1,   1, 106, 105, 104, 103, 110, 109, 108, 107, 112, 111,   1,   1,   1,   1,   1,   1,   1,   1,   1,   1,   1,   1,   1,   1,   1,   1,   1,   1,   1,   1,   1,   1,   1,   1,   1,   1,   1,   1,   1,   1,   1,   1] * FLOAT
110: [  1,   1,   1,   1, 106, 105, 104, 103, 110, 109, 108, 107, 112, 111,   1,   1,   1,   1,   1,   1,   1,   1,   1,   1,   1,   1,   1,   1,   1,   1,   1,   1,   1,   1,   1,   1,   1,   1,   1,   1,   1,   1,   1,   1,   1,   1] * FLOAT
111: [  1,   1,   1,   1, 106, 105, 104, 103, 110, 109, 108, 107, 112, 111,   1,   1,   1,   1,   1,   1,   1,   1,   1,   1,   1,   1,   1,   1,   1,   1,   1,   1,   1,   1,   1,   1,   1,   1,   1,   1,   1,   1,   1,   1,   1,   1] * FLOAT
112: [  1,   1,   1,   1, 106, 105, 104, 103, 110, 109, 108, 107, 112, 111,   1,   1,   1,   1,   1,   1,   1,   1,   1,   1,   1,   1,   1,   1,   1,   1,   1,   1,   1,   1,   1,   1,   1,   1,   1,   1,   1,   1,   1,   1,   1,   1] * FLOAT
113: [  1,   1,   1,   1,   1,   1,   1,   1,   1,   1,   1,   1,   1,   1,   1,   1,   1,   1,   1,   1,   1,   1,   1,   1,   1,   1,   1,   1,   1,   1,   1,   1,   1,   1,   1,   1,   1,   1,   1,   1,   1,   1,   1,   1,   1,   1] * PRINT
     <  *,   +,   -,   .,   0,   1,   2,   3,   4,   5,   6,   7,   8,   9,   =,   I,   N,   P,   R,   T,   a,   b,   c,   d,   e,   f,   g,   h,   i,   j,   k,   l,   m,   n,   o,   p,   q,   r,   s,   t,   u,   v,   w,   x,   y,   z>


Table Walker Output:

IDENTIFIER a
ASSIGN =
INT 10
IDENTIFIER b
ASSIGN =
IDENTIFIER a
MULTIPLY *
INT 10
PLUS +
INT 20
PRINT PRINT
IDENTIFIER b
